images/road0.png,26166,24800,55536,92800,3
images/road1.png,61600,17829,103200,79523,3
images/road10.png,42400,801,97600,70221,3
images/road100.png,14000,1925,145200,125510,0
images/road101.png,78000,1400,156800,38800,0
images/road102.png,14800,10146,97200,65415,0
images/road103.png,35600,7525,118800,81872,0
images/road104.png,19200,5096,137600,125580,0
images/road105.png,8100,58400,84300,150800,0
images/road106.png,26967,60000,43521,90400,0
images/road107.png,28800,14800,74560,92800,0
images/road108.png,69600,31488,74400,34194,0
images/road109.png,97200,32040,110400,40050,0
images/road11.png,75200,29400,82800,39600,3
images/road110.png,78400,2670,150800,48327,0
images/road111.png,14000,24564,40400,42453,0
images/road112.png,54800,3204,108800,40584,0
images/road113.png,68400,10412,122800,50964,0
images/road114.png,101600,7904,127600,25194,0
images/road115.png,56400,14175,97600,36225,0
images/road116.png,124000,6525,147600,17775,0
images/road117.png,89600,7200,115600,23175,0
images/road118.png,72800,3204,157600,59808,0
images/road119.png,90000,8277,134800,38448,0
images/road12.png,43520,36800,49600,53200,3
images/road120.png,31600,5660,92000,64807,0
images/road121.png,62800,7525,151600,75250,0
images/road122.png,5080,9600,53086,94800,2
images/road123.png,60400,22046,108400,58890,2
images/road124.png,22576,50000,68060,110000,2
images/road125.png,4005,10400,44856,62800,2
images/road126.png,27336,32000,46632,71600,2
images/road127.png,107200,14840,124800,26765,2
images/road128.png,86400,13617,136400,50997,2
images/road129.png,44400,20292,84400,45657,2
images/road13.png,20025,29600,52065,139200,3
images/road130.png,64800,8430,72400,14050,2
images/road131.png,62400,2136,70800,8277,2
images/road132.png,73600,6900,97200,24600,2
images/road133.png,41200,11985,88000,39480,2
images/road134.png,78400,13104,134800,59787,2
images/road135.png,87200,18525,145200,40508,2
images/road136.png,119600,18957,133600,30171,2
images/road137.png,82800,10222,133600,44385,2
images/road138.png,68000,20400,90800,37500,2
images/road139.png,42800,9828,129200,55944,2
images/road14.png,40851,80800,59007,138800,3
images/road140.png,44000,21627,60000,32307,2
images/road141.png,58800,16650,97600,36675,2
images/road142.png,23408,39200,54264,88800,2
images/road143.png,8544,29200,39516,76400,2
images/road144.png,41200,4636,131200,51240,2
images/road145.png,52800,6612,105600,37848,2
images/road146.png,54800,2822,105600,23572,2
images/road147.png,51600,6156,103600,36708,2
images/road148.png,85200,17700,119600,55200,2
images/road149.png,49200,7992,110800,35076,2
images/road15.png,74400,27234,90800,41919,3
images/road150.png,72400,16115,118400,51275,2
images/road151.png,58800,9842,106400,49476,2
images/road152.png,50000,8325,110400,41625,2
images/road153.png,44400,0,138400,100763,2
images/road154.png,142800,18614,151200,22700,2
images/road155.png,18000,43600,76400,94400,2
images/road156.png,72000,0,155600,55002,2
images/road157.png,59400,26000,70200,40000,0
images/road158.png,50400,44800,67500,68000,2
images/road159.png,46500,59200,68700,90000,0
images/road16.png,90000,10664,96400,20336,3
images/road160.png,54000,76000,70500,99200,2
images/road161.png,53400,20000,69000,40800,0
images/road162.png,38700,76400,47400,91600,0
images/road163.png,8400,62000,52800,122800,0
images/road164.png,36900,52800,52800,80800,3
images/road165.png,35700,33200,52200,64800,2
images/road166.png,15900,70800,34200,96400,2
images/road167.png,25200,63600,40800,93600,2
images/road168.png,51000,68800,60900,82400,2
images/road169.png,16500,77200,31200,102000,0
images/road17.png,27768,47600,38448,68400,3
images/road170.png,51000,73200,60900,85600,2
images/road171.png,41400,83600,49500,98000,2
images/road172.png,40200,67200,45600,74400,0
images/road173.png,16500,37200,40800,70400,0
images/road174.png,46200,33200,59400,52800,0
images/road175.png,51600,72000,67500,94800,0
images/road176.png,35100,29600,57900,72800,2
images/road177.png,30300,7600,59100,54000,0
images/road178.png,15600,53600,34500,80400,2
images/road179.png,57900,56000,60600,64400,3
images/road18.png,28800,15600,69440,112000,3
images/road180.png,23700,30400,49500,78800,2
images/road181.png,67500,61600,74400,70800,0
images/road182.png,25500,54400,30900,61600,0
images/road183.png,48900,57200,62400,76400,2
images/road184.png,53100,54800,77400,86400,0
images/road185.png,54900,69600,58200,76400,1
images/road186.png,57600,67200,66000,78800,2
images/road187.png,53700,72000,61800,82800,2
images/road188.png,18300,68400,41400,100800,0
images/road189.png,27300,48800,42300,71600,2
images/road19.png,26433,41600,31773,62800,3
images/road190.png,25500,53200,39300,72400,2
images/road191.png,53400,67600,62700,82000,0
images/road192.png,39900,89200,61500,120000,0
images/road193.png,33000,44000,48900,66400,2
images/road194.png,24900,64800,46500,95600,2
images/road195.png,40500,70800,56700,100000,3
images/road196.png,39600,37600,61200,65600,0
images/road197.png,62700,52800,72900,67200,0
images/road198.png,22200,96000,32400,110400,0
images/road199.png,18600,46800,28800,61200,0
images/road2.png,44064,108000,53244,140800,3
images/road20.png,41920,54000,60800,108400,3
images/road200.png,15600,78000,32400,102800,2
images/road201.png,32700,69600,54000,98000,0
images/road202.png,48300,78400,62700,97600,0
images/road203.png,52800,58000,67800,77200,0
images/road204.png,38100,50000,70800,93200,2
images/road205.png,44700,71200,77700,114800,2
images/road206.png,27000,54800,34500,69600,0
images/road207.png,52800,73600,59100,82400,0
images/road208.png,36300,41200,60000,76000,0
images/road209.png,27900,57600,51600,92400,0
images/road21.png,40500,21200,46200,36400,3
images/road210.png,53700,54000,59700,62400,0
images/road211.png,49200,70400,58200,82400,0
images/road212.png,44700,79200,48000,83600,0
images/road213.png,26400,58400,30300,63600,0
images/road214.png,38100,66400,43500,74000,0
images/road215.png,33300,50000,40500,60000,0
images/road216.png,41400,77200,47100,84400,0
images/road217.png,50400,65200,57300,74000,0
images/road218.png,49200,76000,52500,79600,0
images/road219.png,39300,72400,42900,76400,0
images/road22.png,34668,17200,48150,72800,3
images/road220.png,37500,61600,41700,67600,0
images/road221.png,39300,74000,46200,83200,0
images/road222.png,46200,75200,50400,80400,0
images/road223.png,41100,66000,47700,74800,0
images/road224.png,43800,76800,47700,82000,0
images/road225.png,48600,84800,51600,88800,0
images/road226.png,40200,70000,46800,78800,0
images/road227.png,42300,72400,45900,77200,0
images/road228.png,46800,71600,51600,78400,0
images/road229.png,36000,68400,42000,76400,0
images/road23.png,57456,50400,64372,71600,3
images/road230.png,37200,77200,41400,82800,0
images/road231.png,38400,78000,44700,86400,0
images/road232.png,38100,88400,42600,93600,0
images/road233.png,37200,77600,42900,85600,0
images/road234.png,42600,99600,45900,104000,0
images/road235.png,40800,90800,45300,96400,0
images/road236.png,42900,60800,45300,64800,0
images/road237.png,37500,63200,42000,69600,0
images/road238.png,40200,60400,45300,67200,0
images/road239.png,52800,91600,55500,95200,0
images/road24.png,18690,69600,34176,114400,3
images/road240.png,32700,83600,37200,89200,0
images/road241.png,40800,80000,46500,87200,0
images/road242.png,35700,64800,44700,76800,0
images/road243.png,41400,95600,45000,100000,0
images/road244.png,46500,84800,52200,92400,0
images/road245.png,41100,78400,47400,87200,0
images/road246.png,45600,66800,54600,79200,0
images/road247.png,41700,87200,46800,94400,0
images/road248.png,50100,82000,57600,91600,0
images/road249.png,43500,95600,46800,100400,0
images/road25.png,104400,29103,110000,37647,3
images/road250.png,41400,93600,47100,101200,0
images/road251.png,59700,76000,68700,88800,0
images/road252.png,49500,81200,54000,87200,0
images/road253.png,38400,34800,56100,57600,0
images/road254.png,32400,29200,46800,48400,0
images/road255.png,30300,26800,45000,46400,0
images/road256.png,45300,37600,62100,59600,0
images/road257.png,38700,66000,44100,73200,0
images/road258.png,40800,52400,52800,69200,0
images/road259.png,41700,26000,64200,55200,0
images/road26.png,15276,35200,27068,89600,3
images/road260.png,38400,51200,58800,81200,0
images/road261.png,60300,24400,70800,40400,0
images/road262.png,31500,56800,39600,67600,0
images/road263.png,36600,54800,56400,84000,0
images/road264.png,40800,60800,58200,84000,0
images/road265.png,42000,94800,51600,109200,0
images/road266.png,39900,44000,52200,61600,0
images/road267.png,29700,47600,40800,62800,0
images/road268.png,28200,50800,37200,63200,0
images/road269.png,40800,44400,65400,76800,0
images/road27.png,23763,62800,31506,90400,3
images/road270.png,27300,50400,41700,70000,1
images/road271.png,38100,68000,51600,86000,0
images/road272.png,36900,71600,47700,86400,1
images/road273.png,33600,76000,44100,90000,0
images/road274.png,49500,108800,66000,132000,0
images/road275.png,72900,107200,90000,150000,3
images/road276.png,32700,55600,39000,63600,0
images/road277.png,50100,40400,68100,64000,0
images/road278.png,32700,64400,44700,80800,1
images/road279.png,38400,42400,73200,88400,0
images/road28.png,68400,458,75200,7786,3
images/road280.png,27300,67200,40500,85200,0
images/road281.png,37800,55600,50700,73600,0
images/road282.png,39900,64400,50100,77200,0
images/road283.png,56100,88000,72300,111600,0
images/road284.png,33300,53200,49500,74800,0
images/road285.png,36000,54000,46500,68400,0
images/road286.png,32100,54000,53100,81600,0
images/road287.png,44100,39600,57900,58400,0
images/road288.png,30300,68800,40800,82800,0
images/road289.png,18300,56000,43800,90800,1
images/road29.png,46400,12015,87600,31239,3
images/road290.png,31500,62800,51300,89600,0
images/road291.png,37200,74400,51000,93600,0
images/road292.png,42900,34000,59100,56400,0
images/road293.png,28800,98800,45000,122400,0
images/road294.png,41100,40800,69600,78800,0
images/road295.png,37800,46800,42300,52800,0
images/road296.png,18600,85600,34200,109200,0
images/road297.png,66300,70400,75600,84400,0
images/road298.png,46800,65200,56400,78800,0
images/road299.png,29100,73600,53400,105600,0
images/road3.png,71200,40200,94400,78300,3
images/road30.png,16000,1602,40400,32307,3
images/road300.png,40200,46800,61500,87200,2
images/road301.png,34200,67200,50400,88400,0
images/road302.png,46200,54800,54900,66800,1
images/road303.png,14400,20000,56100,78400,1
images/road304.png,23700,73600,33300,86400,0
images/road305.png,26400,23200,70800,112400,0
images/road306.png,18300,40000,47100,79200,1
images/road307.png,27900,40000,48300,80000,2
images/road308.png,29100,52800,41100,68800,0
images/road309.png,37500,34400,58500,62000,0
images/road31.png,85200,38400,97200,58800,3
images/road310.png,47100,68400,61200,89600,0
images/road311.png,11400,35200,46800,82000,0
images/road312.png,2100,14400,50100,106800,0
images/road313.png,37800,52800,59700,82400,0
images/road314.png,34500,67200,51600,90000,0
images/road315.png,16800,95200,21900,102400,2
images/road316.png,34500,55200,54300,80800,0
images/road317.png,34800,64400,60300,98000,0
images/road318.png,20400,84400,49500,122800,2
images/road319.png,38100,75600,51300,93600,0
images/road32.png,12816,13200,51798,142400,3
images/road320.png,47400,86000,62100,105600,0
images/road321.png,40200,68800,52800,84800,0
images/road322.png,31200,59600,45000,84800,0
images/road323.png,40800,81600,66000,115200,0
images/road324.png,43500,82400,64200,109600,2
images/road325.png,29700,66000,45300,87200,0
images/road326.png,48000,20000,72600,51200,0
images/road327.png,27600,69200,45900,93600,0
images/road328.png,27300,44400,53100,80000,0
images/road329.png,34500,60000,64500,99600,0
images/road33.png,6141,2400,47526,154800,3
images/road330.png,25800,43200,38700,60800,0
images/road331.png,30600,44800,48300,68400,0
images/road332.png,18000,64000,49500,105200,0
images/road333.png,45300,89200,63600,114400,0
images/road334.png,33000,67600,42600,80800,0
images/road335.png,32100,52800,43800,68000,0
images/road336.png,33900,72400,46500,88800,0
images/road337.png,33000,79200,66600,124400,0
images/road338.png,23400,113600,46500,145200,0
images/road339.png,27600,18400,61800,65200,1
images/road34.png,5607,1600,47259,154400,3
images/road340.png,28500,112000,48000,138400,0
images/road341.png,43500,62400,52800,75600,0
images/road342.png,44700,400,80100,38400,0
images/road343.png,36300,56400,50100,74400,0
images/road344.png,36600,83200,53700,106000,0
images/road345.png,27000,114800,55500,152400,0
images/road346.png,26100,82800,45600,109200,0
images/road347.png,38400,46800,46500,58000,0
images/road348.png,51900,53200,71700,83600,0
images/road349.png,23100,98800,54300,143600,0
images/road35.png,30800,21331,75600,31611,3
images/road350.png,27000,72000,51900,105200,0
images/road351.png,33300,44800,57300,76000,0
images/road352.png,30000,52000,44400,70800,0
images/road353.png,30900,66400,48600,91200,0
images/road354.png,24000,43600,51000,79600,1
images/road355.png,28500,48800,45300,70000,0
images/road356.png,33000,26800,62700,66400,1
images/road357.png,24300,36000,60900,84000,0
images/road358.png,27600,77600,37200,90400,0
images/road359.png,26400,80800,34800,92000,0
images/road36.png,20400,28836,39200,54735,3
images/road360.png,22500,73600,35700,91200,0
images/road361.png,30600,55600,46200,76800,0
images/road362.png,24600,65600,45300,92800,0
images/road363.png,51600,30000,87900,79200,0
images/road364.png,26700,68400,46200,94000,0
images/road365.png,31500,62000,47400,82800,0
images/road366.png,23100,40000,40800,62400,0
images/road367.png,33300,60400,44700,75600,0
images/road368.png,22800,66400,38400,86800,0
images/road369.png,31800,56000,48000,77600,0
images/road37.png,30972,41200,41652,92000,3
images/road370.png,33000,66400,47100,85600,0
images/road371.png,20100,87600,45600,120400,0
images/road372.png,26400,67200,45000,92400,0
images/road373.png,33000,62800,44700,78400,0
images/road374.png,25800,54000,45300,80000,1
images/road375.png,24300,85200,46800,114800,0
images/road376.png,11700,77200,40800,115600,0
images/road377.png,35400,69200,45900,83200,0
images/road378.png,22500,67200,60000,117600,0
images/road379.png,52200,58000,63300,72800,0
images/road38.png,12400,0,33200,27234,3
images/road380.png,31500,800,52500,36000,0
images/road381.png,37800,62800,49800,78000,0
images/road382.png,33000,55600,48000,74400,0
images/road383.png,37500,87600,46800,99600,0
images/road384.png,32100,64000,43500,78800,0
images/road385.png,31500,60000,45000,78000,0
images/road386.png,40200,61600,58500,85600,0
images/road387.png,37200,50000,45900,61600,0
images/road388.png,42900,54800,53100,68000,0
images/road389.png,53400,40000,66300,57200,0
images/road39.png,28480,3600,69760,146400,3
images/road390.png,59700,25200,75900,46000,0
images/road391.png,69600,11600,89100,37200,0
images/road392.png,43800,81200,53100,93200,0
images/road393.png,44100,102000,54000,115600,0
images/road394.png,50100,75200,61800,90800,0
images/road395.png,48900,79200,63000,97200,0
images/road396.png,30900,78800,48000,101600,0
images/road397.png,38400,22000,66600,59200,0
images/road398.png,51300,93200,61200,106400,0
images/road399.png,27900,69200,39900,84800,0
images/road4.png,5340,43600,21627,94800,3
images/road40.png,13083,1600,20559,29600,3
images/road400.png,49800,81200,63600,99200,0
images/road401.png,48900,76000,66300,98800,0
images/road402.png,32700,98800,43200,112400,0
images/road403.png,32100,65600,51300,92000,0
images/road404.png,14400,88000,40200,127600,0
images/road405.png,45000,104800,52200,114400,0
images/road406.png,33300,93200,41700,104000,0
images/road407.png,50100,87600,53700,92000,0
images/road408.png,43800,68400,49500,76400,0
images/road409.png,39000,58400,46500,68400,0
images/road41.png,49662,400,58206,30000,3
images/road410.png,43500,44800,53100,57200,0
images/road411.png,35700,30800,48600,47600,0
images/road412.png,48000,76400,55800,86800,0
images/road413.png,43800,73600,54000,87200,0
images/road414.png,50100,88800,63300,106400,0
images/road415.png,45900,81200,65100,107200,0
images/road416.png,20100,39200,44400,72000,0
images/road417.png,37800,71600,48300,85600,0
images/road418.png,40500,78800,53700,96400,0
images/road419.png,12300,70400,27300,90800,0
images/road42.png,47259,73600,59007,118800,3
images/road420.png,38400,86000,57300,110800,0
images/road421.png,34800,64000,58500,95600,0
images/road422.png,29400,82400,34800,89200,0
images/road423.png,30300,72000,42300,87600,0
images/road424.png,17100,88000,30900,106000,0
images/road425.png,25500,79200,42000,101200,0
images/road426.png,25200,44000,45300,70400,0
images/road427.png,28500,64800,52800,97600,0
images/road428.png,18900,40800,51900,86400,0
images/road429.png,29100,87200,40500,102400,0
images/road43.png,4000,24831,9600,33108,3
images/road430.png,52800,95200,67200,114400,0
images/road431.png,7200,84800,24600,108400,0
images/road432.png,42600,76400,49500,85600,0
images/road433.png,27600,82400,39000,97200,0
images/road434.png,29400,92800,43800,112000,0
images/road435.png,2700,81200,20700,105200,0
images/road436.png,49200,57600,72900,89600,0
images/road437.png,49500,98000,60300,112000,0
images/road438.png,9900,104400,22800,121200,0
images/road439.png,15000,116000,30600,136800,0
images/road44.png,25460,20000,30820,38000,3
images/road440.png,18900,88400,36600,112000,0
images/road441.png,35100,46800,56700,76400,0
images/road442.png,27300,55200,35700,66000,0
images/road443.png,30900,59200,42300,74400,0
images/road444.png,43800,48800,57000,66400,0
images/road445.png,25800,42800,42000,65200,0
images/road446.png,37200,44000,57000,71600,0
images/road447.png,32700,73200,39600,81600,0
images/road448.png,24300,74400,33300,86400,0
images/road449.png,27900,70400,38700,85200,0
images/road45.png,40050,31200,51531,70800,3
images/road450.png,36000,62000,49500,80400,0
images/road451.png,29100,59200,46200,81200,0
images/road452.png,28200,65600,50100,95200,0
images/road453.png,27600,58800,52800,94000,0
images/road454.png,30000,93200,38100,105200,0
images/road455.png,49200,73600,59700,88400,0
images/road456.png,30300,72800,45600,94000,0
images/road457.png,47100,55200,65100,80400,0
images/road458.png,20100,46400,41700,75600,0
images/road459.png,33300,56800,53100,84000,0
images/road46.png,18957,69600,34977,111200,3
images/road460.png,44700,124400,68400,156000,2
images/road461.png,29100,73600,52500,105200,0
images/road462.png,45300,127600,71100,159600,2
images/road463.png,30000,28000,54600,62000,0
images/road464.png,45600,104800,62700,127600,2
images/road465.png,37800,103600,57600,130400,2
images/road466.png,19800,23600,45600,56800,0
images/road467.png,43800,68400,50700,77600,0
images/road468.png,45000,86800,57000,103200,0
images/road469.png,38700,73200,52800,92000,0
images/road47.png,89200,6700,134800,71556,3
images/road470.png,20100,75200,37800,99200,0
images/road471.png,15300,62800,38400,92800,0
images/road472.png,0,79200,28500,122800,0
images/road473.png,27600,44800,71100,102800,0
images/road474.png,43500,70400,56100,86400,0
images/road475.png,14400,61600,29100,81200,0
images/road476.png,20400,66000,38400,89600,0
images/road477.png,23700,58800,44100,85600,0
images/road478.png,34200,30400,59400,64000,0
images/road479.png,9000,20000,40200,60400,0
images/road48.png,47793,72800,60342,120000,3
images/road480.png,25800,13600,66600,67200,0
images/road481.png,27000,92000,43200,113600,0
images/road482.png,31200,67200,50400,92800,0
images/road483.png,2700,72400,27300,104800,0
images/road484.png,16200,48800,49500,91200,0
images/road485.png,14100,50000,54300,101600,0
images/road486.png,37200,70000,44700,79600,0
images/road487.png,46800,61600,56700,74400,0
images/road488.png,54600,50000,66000,65600,0
images/road489.png,39000,57200,53100,75200,0
images/road49.png,33600,9656,49600,33228,3
images/road490.png,39900,49200,54900,68400,0
images/road491.png,42000,52400,60600,76400,0
images/road492.png,33000,54800,54600,83200,0
images/road493.png,22200,39200,50100,75600,0
images/road494.png,24600,38400,62400,89200,0
images/road495.png,38700,80000,57000,104000,2
images/road496.png,14100,66000,21600,80400,0
images/road497.png,30300,64400,39000,79200,0
images/road498.png,25800,52000,35400,68400,0
images/road499.png,48300,68000,64200,94000,0
images/road5.png,12282,12000,59007,116800,3
images/road50.png,36312,40800,41385,61600,3
images/road500.png,42300,71200,60300,101200,0
images/road501.png,22500,58800,42000,92800,0
images/road502.png,66600,31200,89400,70800,0
images/road503.png,32100,78400,43500,94400,0
images/road504.png,27600,92000,41700,110800,0
images/road505.png,27600,92000,44700,114800,0
images/road506.png,17100,93600,38700,122000,0
images/road507.png,18900,63200,45000,97600,0
images/road508.png,16500,52000,49500,95200,0
images/road509.png,38700,66000,50100,80800,0
images/road51.png,75050,54800,97960,105200,3
images/road510.png,26700,80400,39900,98000,0
images/road511.png,34200,64000,50700,85200,0
images/road512.png,42300,68000,49800,78000,0
images/road513.png,48000,64400,55800,74800,0
images/road514.png,52800,59200,61800,70800,0
images/road515.png,54000,52400,63900,65200,0
images/road516.png,25200,53200,48900,84000,0
images/road517.png,34200,56400,59700,90000,0
images/road518.png,47100,66000,55200,76400,0
images/road519.png,47700,70000,56100,80800,0
images/road52.png,12600,66400,73800,146800,1
images/road520.png,50100,56000,64200,74400,0
images/road521.png,53100,60400,68400,80000,0
images/road522.png,38100,68000,47700,81200,0
images/road523.png,29400,68000,40200,82800,0
images/road524.png,34200,76800,46800,93600,0
images/road525.png,28800,74800,42000,92000,0
images/road526.png,42900,66800,57600,86800,0
images/road527.png,30900,71200,45600,92000,0
images/road528.png,25800,76400,40200,97600,0
images/road529.png,51000,60400,74700,99600,0
images/road53.png,3600,31900,56000,69600,1
images/road530.png,24000,68800,27900,74000,0
images/road531.png,62400,70400,69600,80400,0
images/road532.png,19500,122400,25200,131200,2
images/road533.png,46200,95200,63600,118800,0
images/road534.png,4200,154400,10800,159600,2
images/road535.png,30000,101600,54000,133600,0
images/road536.png,53700,71600,81900,108800,0
images/road537.png,20400,84800,30000,97600,0
images/road538.png,34500,67600,44700,82000,0
images/road539.png,49200,102400,60000,116800,0
images/road54.png,12900,24000,77400,109200,1
images/road540.png,43500,108400,54900,123600,0
images/road541.png,27900,82000,40200,98400,0
images/road542.png,30000,114000,43200,129600,0
images/road543.png,23400,90800,37200,108800,0
images/road544.png,44400,110400,60600,132000,2
images/road545.png,23100,79200,36600,96400,0
images/road546.png,54000,84800,78000,116800,2
images/road547.png,30000,60000,47100,82400,0
images/road548.png,18000,125600,39600,156400,2
images/road549.png,37500,32800,65400,69200,0
images/road55.png,45200,23496,80400,47793,1
images/road550.png,37200,67600,54300,90400,0
images/road551.png,33300,84000,51300,108800,0
images/road552.png,39900,62800,60600,90000,0
images/road553.png,36600,92800,58200,121600,0
images/road554.png,26100,102800,42600,124400,0
images/road555.png,16200,102800,36300,129600,0
images/road556.png,34800,107200,57900,137200,0
images/road557.png,15600,50800,42000,85600,0
images/road558.png,41700,118000,73500,160000,0
images/road559.png,44100,74400,55200,89200,0
images/road56.png,29400,38000,64800,84400,1
images/road560.png,43500,101600,56700,119200,2
images/road561.png,17100,84000,31500,103200,0
images/road562.png,21900,110000,39000,132800,2
images/road563.png,39300,83200,58200,107600,0
images/road564.png,42300,122000,65100,152800,2
images/road565.png,39600,95200,55200,116400,0
images/road566.png,23100,95200,38100,115600,0
images/road567.png,34800,98400,49800,119600,0
images/road568.png,30300,96000,44700,116800,0
images/road569.png,40800,102800,55200,124000,0
images/road57.png,7200,14000,85200,109600,1
images/road570.png,31200,108400,45600,128800,0
images/road571.png,33000,112400,46800,133200,0
images/road572.png,16500,84800,38400,115600,0
images/road573.png,20700,126000,48900,159600,2
images/road574.png,25800,80800,61800,130800,0
images/road575.png,20100,47600,31500,62000,0
images/road576.png,17100,61600,29700,78000,2
images/road577.png,60300,40000,72000,54800,0
images/road578.png,66900,53600,81000,72000,2
images/road579.png,51600,62800,59400,73200,2
images/road58.png,23200,7224,132400,88795,1
images/road580.png,52200,61600,63900,76800,2
images/road581.png,30300,46800,43200,64400,2
images/road582.png,55500,91200,60300,108000,3
images/road583.png,65400,92000,75000,106000,2
images/road584.png,43500,64400,52500,76000,0
images/road585.png,38700,43200,51000,59200,0
images/road586.png,36300,23600,54000,46000,0
images/road587.png,37500,78800,44100,87200,0
images/road588.png,27900,81600,35100,91200,0
images/road589.png,30300,68400,39300,80000,0
images/road59.png,72400,17157,150400,74046,1
images/road590.png,20100,72400,31500,87200,0
images/road591.png,3000,80000,17100,98400,0
images/road592.png,13200,53200,31800,78000,0
images/road593.png,22200,26400,45300,56800,0
images/road594.png,48000,400,83100,43600,0
images/road595.png,37500,60800,45900,71600,0
images/road596.png,40200,55200,50400,68800,0
images/road597.png,29700,52400,42300,69600,0
images/road598.png,10500,86400,22200,102000,2
images/road599.png,29400,20400,61200,62000,0
images/road6.png,25365,61200,46992,130800,3
images/road60.png,3600,3600,156800,156800,1
images/road600.png,40800,82800,46500,90400,0
images/road601.png,38700,76400,46500,86400,0
images/road602.png,26400,78000,35400,90000,0
images/road603.png,27000,58800,38100,74000,0
images/road604.png,22800,37600,36900,56800,0
images/road605.png,21900,37200,41100,62800,0
images/road606.png,23100,17600,51600,55200,0
images/road607.png,55800,74400,69600,92400,0
images/road608.png,23100,122000,32100,134800,0
images/road609.png,17100,88800,27600,103600,0
images/road61.png,20800,8428,138400,89397,1
images/road610.png,3600,93600,18000,114000,0
images/road611.png,22200,72000,39300,96800,0
images/road612.png,27300,98400,49200,130000,0
images/road613.png,46200,76800,54000,88000,0
images/road614.png,75300,32800,89700,57200,0
images/road615.png,36300,77200,40800,83200,0
images/road616.png,34500,64400,40500,72000,0
images/road617.png,38100,68000,45600,78000,0
images/road618.png,39900,66400,50100,80000,0
images/road619.png,39300,58800,54900,80800,0
images/road62.png,33642,45200,57405,80400,1
images/road620.png,36900,88800,45000,100000,0
images/road621.png,27600,109200,36300,121200,0
images/road622.png,20400,36800,30000,50000,0
images/road623.png,30000,81200,41100,96400,0
images/road624.png,28200,54400,40500,71200,0
images/road625.png,23400,52400,38400,72000,0
images/road626.png,30900,56800,48600,80800,0
images/road627.png,28800,59200,50700,88400,0
images/road628.png,15900,49200,43200,85600,0
images/road629.png,43800,38400,75000,81200,0
images/road63.png,52800,8729,133200,76454,1
images/road630.png,38100,57600,46200,68400,1
images/road631.png,43800,54800,53400,67200,1
images/road632.png,28800,66800,39600,81200,1
images/road633.png,29400,42800,41100,58000,1
images/road634.png,36900,33200,50400,51200,1
images/road635.png,29100,40400,45000,61600,1
images/road636.png,15600,11600,35700,37600,1
images/road637.png,36600,35200,63300,70000,1
images/road638.png,58200,61600,65700,71200,0
images/road639.png,41700,92000,54600,108800,0
images/road64.png,22000,3311,152800,83678,1
images/road640.png,63000,42000,77400,61200,0
images/road641.png,29400,28400,47400,52000,0
images/road642.png,29100,71200,53100,102800,0
images/road643.png,24000,72800,33600,85600,0
images/road644.png,44100,62800,63900,88800,0
images/road645.png,20100,56800,44400,89200,0
images/road646.png,0,108000,32400,152000,0
images/road647.png,42900,62800,47400,68800,0
images/road648.png,45600,74400,51900,82800,0
images/road649.png,38100,62000,46200,73200,0
images/road65.png,20100,47600,54404,98000,1
images/road650.png,37800,44000,48600,58800,0
images/road651.png,53100,45200,66300,64000,0
images/road652.png,40500,69600,45900,76400,0
images/road653.png,48300,87600,54300,96000,0
images/road654.png,34200,75600,41400,84800,0
images/road655.png,23400,85600,29400,93600,0
images/road656.png,21600,62000,29700,72400,2
images/road657.png,15900,83200,22800,92400,0
images/road658.png,24600,69200,34500,82000,2
images/road659.png,49200,75600,64200,95600,0
images/road66.png,38000,6923,124400,68327,1
images/road660.png,39600,75600,57900,100000,0
images/road661.png,34800,86800,57600,118400,0
images/road662.png,23100,60800,37500,79600,0
images/road663.png,30900,85600,48000,108400,0
images/road664.png,25500,80000,47100,109200,0
images/road665.png,16500,120800,43500,158000,0
images/road666.png,33300,87600,66300,134400,0
images/road667.png,49800,76400,57000,86000,0
images/road668.png,47100,70800,56400,83200,0
images/road669.png,16800,127600,19500,132000,2
images/road67.png,44800,17280,103600,58320,1
images/road670.png,38700,58000,56700,82000,0
images/road671.png,48300,70400,53400,77200,0
images/road672.png,54900,64800,64800,78400,0
images/road673.png,27000,67600,32700,75600,1
images/road674.png,47100,63600,54000,73200,1
images/road675.png,6600,86800,9300,90400,0
images/road676.png,46500,60400,57900,76000,1
images/road677.png,36900,80000,45900,92800,0
images/road678.png,42600,74800,53100,90000,0
images/road679.png,40500,71200,52800,88800,0
images/road68.png,9000,10800,81600,99600,1
images/road680.png,46800,49200,60900,70000,0
images/road681.png,41700,100000,53100,114800,0
images/road682.png,30000,84800,44400,104000,0
images/road683.png,25800,81600,42000,103600,0
images/road684.png,27600,92400,47700,118800,0
images/road685.png,25200,76000,50400,109600,0
images/road686.png,18000,107600,50100,150800,0
images/road687.png,27000,100400,35400,111600,0
images/road688.png,37500,84800,47400,98000,0
images/road689.png,35700,70800,46800,84800,0
images/road69.png,34800,18963,125200,75551,1
images/road690.png,29700,60800,42300,76800,0
images/road691.png,37500,77600,52200,96800,0
images/road692.png,29400,39600,49800,66800,0
images/road693.png,16500,53600,42300,88400,0
images/road694.png,30300,51200,60600,92000,0
images/road695.png,40200,68000,46800,76800,0
images/road696.png,41700,86000,49500,96800,0
images/road697.png,30900,66400,40200,79200,0
images/road698.png,24900,54800,36600,70400,0
images/road699.png,39300,62400,52800,81200,0
images/road7.png,38400,58000,50880,87200,3
images/road70.png,59200,21371,115200,52073,1
images/road700.png,33900,62400,51600,86000,0
images/road701.png,70500,46800,90000,76000,0
images/road702.png,39300,66000,47400,78400,0
images/road703.png,64200,50800,74700,70400,0
images/road704.png,42000,87600,50400,98800,0
images/road705.png,27300,62400,37500,75600,0
images/road706.png,40800,36800,53100,54000,0
images/road707.png,30900,34400,47700,58000,0
images/road708.png,36300,55600,57600,85200,0
images/road709.png,40500,76000,47400,84800,0
images/road71.png,23200,16555,81200,61103,1
images/road710.png,39900,53600,49200,66000,0
images/road711.png,24000,60400,34800,74000,0
images/road712.png,29400,56000,41700,72800,0
images/road713.png,29700,84400,45000,104400,0
images/road714.png,19800,70400,37800,94400,0
images/road715.png,24300,52000,48900,85200,0
images/road716.png,53100,84400,58500,92000,0
images/road717.png,27000,87600,32700,96000,0
images/road718.png,43800,76800,50100,85600,0
images/road719.png,34800,83600,42300,93600,0
images/road72.png,106800,45968,160000,73984,1
images/road720.png,29700,77600,38100,88800,0
images/road721.png,34800,76000,44700,89600,0
images/road722.png,38100,82800,49800,98400,0
images/road723.png,34500,74000,48000,92000,0
images/road724.png,26400,64000,42900,86400,0
images/road725.png,17400,78400,37800,105600,0
images/road726.png,41100,62400,65700,95200,0
images/road727.png,43800,80400,50100,88400,0
images/road728.png,30000,71600,37800,81600,0
images/road729.png,34200,63600,42900,75200,0
images/road73.png,67600,9415,139200,60256,1
images/road730.png,41700,82800,52800,96800,0
images/road731.png,19800,62000,33600,80400,0
images/road732.png,29700,38800,47700,62800,0
images/road733.png,33900,35200,56400,64400,0
images/road734.png,39900,56800,68400,96000,0
images/road735.png,35400,80800,41100,88000,0
images/road736.png,33900,62400,40200,71200,0
images/road737.png,34500,60400,42900,71600,0
images/road738.png,35700,67600,46500,82000,0
images/road739.png,31800,59600,45300,77600,0
images/road74.png,83200,5380,140400,42502,1
images/road740.png,34200,47200,51900,70400,0
images/road741.png,29400,80800,52800,113200,0
images/road742.png,43800,71200,50400,80400,0
images/road743.png,20100,55200,28200,65600,0
images/road744.png,41400,68000,52200,82800,0
images/road745.png,13500,80400,26400,97600,0
images/road746.png,27600,61200,43500,83200,0
images/road747.png,70500,39600,89700,68400,0
images/road748.png,21600,84000,27300,91200,0
images/road749.png,25500,62400,32100,71200,0
images/road75.png,92400,15730,130800,38478,1
images/road750.png,17400,54400,24900,64800,0
images/road751.png,25500,61600,34800,74000,0
images/road752.png,18000,52800,30600,70000,0
images/road753.png,18300,54800,35400,76800,0
images/road754.png,25500,40000,48900,71200,0
images/road755.png,48300,77200,54900,86000,0
images/road756.png,25800,89200,33600,99600,0
images/road757.png,32400,60800,42000,72400,0
images/road758.png,21900,67200,32100,81200,0
images/road759.png,35700,66000,49800,84800,0
images/road76.png,11600,24206,64800,61978,1
images/road760.png,34500,43600,53400,69200,0
images/road761.png,50700,60400,56100,67600,0
images/road762.png,35700,79200,42000,88000,0
images/road763.png,45900,87200,52500,95600,0
images/road764.png,30600,70800,38100,81200,0
images/road765.png,40500,69200,50400,81200,0
images/road766.png,40200,75200,52200,90800,0
images/road767.png,31200,61200,51000,88000,0
images/road768.png,32400,77600,39900,87200,0
images/road769.png,42900,70000,50400,81600,0
images/road77.png,68400,3766,152800,62946,1
images/road770.png,41400,65600,51300,77600,0
images/road771.png,41700,62000,52800,77600,0
images/road772.png,41100,74000,46200,81600,0
images/road773.png,55200,75200,61200,83200,0
images/road774.png,55800,64800,62100,74400,0
images/road775.png,32700,52000,45000,68000,0
images/road776.png,21900,76400,37500,96800,0
images/road777.png,15000,56400,34200,82000,0
images/road778.png,31200,53200,56100,86000,0
images/road779.png,20400,56800,58500,107600,0
images/road78.png,28800,10146,61200,29904,1
images/road780.png,21900,76000,30900,88000,0
images/road781.png,17100,76000,27600,90400,0
images/road782.png,41100,73200,49200,88000,2
images/road783.png,16500,44800,34500,68400,0
images/road784.png,31800,42400,54000,73200,0
images/road785.png,22200,26000,50400,64000,0
images/road786.png,29100,62000,37200,72400,0
images/road787.png,34800,68000,44400,80400,0
images/road788.png,31800,58800,44700,76000,0
images/road789.png,33900,67600,49800,88800,0
images/road79.png,30000,6321,124800,72541,1
images/road790.png,35400,84000,42600,93600,0
images/road791.png,36600,79600,45900,92800,0
images/road792.png,31500,87600,42900,103200,0
images/road793.png,29400,76800,43500,96400,0
images/road794.png,30300,85200,48900,110000,0
images/road795.png,36300,82800,60600,114800,0
images/road796.png,39900,68000,46200,76400,0
images/road797.png,54900,64400,62400,74400,0
images/road798.png,58800,57600,68700,70000,0
images/road799.png,50400,74800,61800,90000,0
images/road8.png,36400,21600,51600,40800,3
images/road80.png,5200,7200,152400,153200,1
images/road800.png,56700,73600,71100,92800,0
images/road801.png,45000,52400,63000,76400,0
images/road802.png,39900,81600,46800,90400,0
images/road803.png,42900,87600,51900,99600,0
images/road804.png,53100,71200,64500,86400,0
images/road805.png,48900,56400,66000,78800,0
images/road806.png,31500,39600,55800,71600,0
images/road807.png,39900,80000,45000,86400,0
images/road808.png,34500,79600,40500,87600,0
images/road809.png,39000,78000,48300,90400,0
images/road81.png,21000,16400,65400,74800,1
images/road810.png,38700,70000,50700,86000,0
images/road811.png,32400,72000,48600,92800,0
images/road812.png,24900,68000,45000,94400,0
images/road813.png,29400,69200,37200,78800,0
images/road814.png,36000,63600,45900,77200,0
images/road815.png,36900,60800,48900,77200,0
images/road816.png,27600,72000,42900,92400,0
images/road817.png,35100,66400,56100,94000,0
images/road818.png,39900,65600,70500,107600,0
images/road819.png,30000,62000,37500,72000,1
images/road82.png,15486,22000,55536,82400,1
images/road820.png,23700,89600,27000,98800,3
images/road821.png,32400,42400,46800,61200,1
images/road822.png,10500,123200,17400,140800,3
images/road823.png,32400,19600,57600,54000,1
images/road824.png,30600,5600,60900,48800,1
images/road825.png,1500,134000,7200,145200,3
images/road826.png,51600,65600,56400,75600,2
images/road827.png,36000,44400,53400,68000,0
images/road828.png,34200,46800,53700,72800,0
images/road829.png,28200,56400,50100,84800,0
images/road83.png,48327,68400,61677,87200,1
images/road830.png,24300,41600,49500,74000,0
images/road831.png,20700,43200,50700,81600,0
images/road832.png,22200,16800,58800,64400,0
images/road833.png,36000,60800,43800,70800,0
images/road834.png,36300,57600,46800,71600,0
images/road835.png,36300,50400,48900,67200,0
images/road836.png,43500,50000,61800,74000,0
images/road837.png,55500,14800,81000,48400,0
images/road838.png,31500,64400,38700,73600,0
images/road839.png,34500,50800,43500,62000,0
images/road84.png,26264,34000,45828,60800,1
images/road840.png,36000,39600,46800,53600,0
images/road841.png,32100,57600,44400,74000,0
images/road842.png,22200,61200,37500,81200,0
images/road843.png,23400,51200,42300,76000,0
images/road844.png,32700,34800,56700,66400,0
images/road845.png,47100,76000,53700,84800,0
images/road846.png,62400,89600,68400,111200,3
images/road847.png,30900,63600,39900,74800,0
images/road848.png,51600,39200,62700,54400,0
images/road849.png,34500,52400,39000,59200,0
images/road85.png,24000,58000,69000,116800,1
images/road850.png,23700,49200,29100,56400,0
images/road851.png,33900,47200,40200,55600,0
images/road852.png,37800,58800,45000,68000,0
images/road853.png,30900,53200,39300,64000,0
images/road854.png,35100,52000,45000,64800,0
images/road855.png,28200,34400,40200,50000,0
images/road856.png,38700,28400,51900,46000,0
images/road857.png,33900,47600,52500,72400,0
images/road858.png,35700,57600,42000,65600,0
images/road859.png,38400,60400,45900,70400,0
images/road86.png,57200,21360,101600,50730,1
images/road860.png,14100,55200,24600,68800,0
images/road861.png,36900,40000,51300,59200,0
images/road862.png,64200,11600,86100,40400,0
images/road863.png,38400,62800,45600,72800,0
images/road864.png,13200,99600,15600,102400,2
images/road865.png,46800,34000,57300,48000,0
images/road866.png,16800,60000,30900,78000,0
images/road867.png,21900,50000,37200,70400,0
images/road868.png,27600,43600,47400,70400,0
images/road869.png,24900,49600,50400,83200,0
images/road87.png,55600,19758,102800,50997,1
images/road870.png,51900,20400,82800,61200,0
images/road871.png,36900,77600,45000,88400,0
images/road872.png,25200,81200,35100,94400,0
images/road873.png,33900,87200,36600,92400,0
images/road874.png,27900,51600,40800,69600,0
images/road875.png,15000,99200,18300,104400,0
images/road876.png,24900,118800,29100,125600,1
images/road88.png,29103,58400,48861,89200,1
images/road89.png,99600,9612,120400,24297,1
images/road9.png,24300,47600,47400,134400,3
images/road90.png,68800,25098,99600,46458,1
images/road91.png,62000,97200,98800,143200,1
images/road92.png,50400,9612,107200,56604,1
images/road93.png,71600,6552,141600,53508,1
images/road94.png,38800,19264,127200,72842,1
images/road95.png,27000,40400,80400,102800,1
images/road96.png,83600,15486,130400,47793,1
images/road97.png,16800,17622,52000,41118,1
images/road98.png,55200,4539,150400,65415,1
images/road99.png,10947,14000,59274,85600,1
